10101010
10101010
10101010
10101010
11111111
00000000
11110000
10101010
10101010
10101010
10101010
10101010
11111111
00000000
11110000
10101010
10101010
10101010
10101010
10101010
11111111
00000000
11110000
10101010
10101010
10101010
10101010
10101010
11111111
00000000
11110000
10101010
10101010
10101010
10101010
10101010
11111111
00000000
11110000
10101010
10101010
10101010
10101010
10101010
11111111
00000000
11110000
10101010
10101010
10101010
10101010
10101010
11111111
00000000
11110000
10101010
10101010
10101010
10101010
10101010
11111111
00000000
11110000
10101010
10101010
10101010
10101010
10101010
11111111
00000000
11110000
10101010
